Date time,Home (kWh),Vehicle (kWh),From Powerwall (kWh),Solar Energy (kWh),From Grid (kWh),To Grid (kWh)
2025-11-01T00:00:00-07:00,65.3,0.0,31.7,48.2,7.3,0.1
2025-11-02T00:00:00-07:00,53.5,0.0,21.8,48.6,10.2,2.1
2025-11-03T00:00:00-08:00,47.2,0.0,21.6,41.5,5.5,0.0
2025-11-04T00:00:00-08:00,51.2,0.0,15.4,46.3,15.4,1.0
2025-11-05T00:00:00-08:00,35.5,0.0,20.2,25.1,3.1,0.0
2025-11-06T00:00:00-08:00,39.4,0.0,10.4,45.9,6.6,0.0
2025-11-07T00:00:00-08:00,43.3,0.0,18.9,45.0,0.0,0.0
2025-11-08T00:00:00-08:00,50.0,0.0,21.6,47.2,0.0,0.1
2025-11-09T00:00:00-08:00,48.3,0.0,21.6,45.4,3.0,0.0
2025-11-10T00:00:00-08:00,37.2,0.0,12.7,44.0,3.2,0.0
2025-11-11T00:00:00-08:00,38.8,0.0,21.5,26.6,4.5,0.0
2025-11-12T00:00:00-08:00,31.4,0.0,3.5,13.4,18.9,0.0
2025-11-13T00:00:00-08:00,30.3,0.0,2.2,8.2,23.0,0.0
2025-11-14T00:00:00-08:00,49.1,0.0,14.3,38.0,13.2,0.0
2025-11-15T00:00:00-08:00,62.7,0.0,1.4,18.4,45.0,0.0
2025-11-16T00:00:00-08:00,36.9,0.0,12.7,27.9,10.8,0.0
2025-11-17T00:00:00-08:00,41.6,0.0,11.7,28.2,15.1,0.0
2025-11-18T00:00:00-08:00,49.6,0.0,14.6,37.6,13.9,0.0
2025-11-19T00:00:00-08:00,38.6,0.0,5.0,17.1,22.6,0.0
2025-11-20T00:00:00-08:00,40.4,0.0,2.5,16.3,25.0,0.0
2025-11-21T00:00:00-08:00,38.9,0.0,9.4,43.1,4.9,0.0
2025-11-22T00:00:00-08:00,46.0,0.0,19.1,42.7,6.8,0.0
2025-11-23T00:00:00-08:00,42.5,0.0,20.4,25.7,10.8,0.0
2025-11-24T00:00:00-08:00,45.3,0.0,14.4,37.7,10.8,0.1
2025-11-25T00:00:00-08:00,58.8,0.0,11.6,29.4,29.9,0.0
2025-11-26T00:00:00-08:00,44.9,0.0,4.7,42.2,20.2,0.0
2025-11-27T00:00:00-08:00,34.8,0.0,13.3,38.8,0.0,1.2
2025-11-28T00:00:00-08:00,33.9,0.0,13.8,34.4,0.0,0.0
2025-11-29T00:00:00-08:00,29.8,0.0,12.2,30.5,0.0,0.0
2025-11-30T00:00:00-08:00,41.8,0.0,18.5,18.9,11.4,0.0